     0.00000000     0.00000000     0.05135560
     0.00000000     3.00000000     0.05135560
     0.00000000     6.00000000     0.05135560
     0.00000000     9.00000000     0.05135560
     0.00000000    12.00000000     0.05135560
     0.00000000    15.00000000     0.05135560
     0.00000000    18.00000000     0.05135560
     0.00000000    21.00000000     0.05135560
     0.00000000    24.00000000     0.05135560
     0.00000000    27.00000000     0.05135560
     0.00000000    30.00000000     0.05135560
     0.00000000    33.00000000     0.05135560
     0.00000000    36.00000000     0.05135560
     0.00000000    39.00000000     0.05135560
     0.00000000    42.00000000     0.05135560
     0.00000000    45.00000000     0.05135560
     0.00000000    48.00000000     0.05135560
     0.00000000    51.00000000     0.05135560
     0.00000000    54.00000000     0.05135560
     0.00000000    57.00000000     0.05135560
     0.00000000    60.00000000     0.05135560
     0.00000000    63.00000000     0.05135560
     0.00000000    66.00000000     0.05135560
     0.00000000    69.00000000     0.05135560
     0.00000000    72.00000000     0.05135560
     0.00000000    75.00000000     0.05135560
     0.00000000    78.00000000     0.05135560
     0.00000000    81.00000000     0.05135560
     0.00000000    84.00000000     0.05135560
     0.00000000    87.00000000     0.05135560
     0.00000000    90.00000000     0.05135560
     0.00000000    93.00000000     0.05135560
     0.00000000    96.00000000     0.05135560
     0.00000000    99.00000000     0.05135560
     0.00000000   102.00000000     0.05135560
     0.00000000   105.00000000     0.05135560
     0.00000000   108.00000000     0.05135560
     0.00000000   111.00000000     0.05135560
     0.00000000   114.00000000     0.05135560
     0.00000000   117.00000000     0.05135560
     0.00000000   120.00000000     0.05135560
     0.00000000   123.00000000     0.05135560
     0.00000000   126.00000000     0.05135560
     0.00000000   129.00000000     0.05135560
     0.00000000   132.00000000     0.05135560
     0.00000000   135.00000000     0.05135560
     0.00000000   138.00000000     0.05135560
     0.00000000   141.00000000     0.05135560
     0.00000000   144.00000000     0.05135560
     0.00000000   147.00000000     0.05135560
     0.00000000   150.00000000     0.05135560
     0.00000000   153.00000000     0.05135560
     0.00000000   156.00000000     0.05135560
     0.00000000   159.00000000     0.05135560
     0.00000000   162.00000000     0.05135560
     0.00000000   165.00000000     0.05135560
     0.00000000   168.00000000     0.05135560
     0.00000000   171.00000000     0.05135560
     0.00000000   174.00000000     0.05135560
     0.00000000   177.00000000     0.05135560
     0.00000000   180.00000000     0.05135560

     3.00000000     0.00000000     0.04997810
     3.00000000     3.00000000     0.04998349
     3.00000000     6.00000000     0.04999390
     3.00000000     9.00000000     0.05001326
     3.00000000    12.00000000     0.05004110
     3.00000000    15.00000000     0.05007616
     3.00000000    18.00000000     0.05011830
     3.00000000    21.00000000     0.05016756
     3.00000000    24.00000000     0.05022360
     3.00000000    27.00000000     0.05028600
     3.00000000    30.00000000     0.05035430
     3.00000000    33.00000000     0.05042803
     3.00000000    36.00000000     0.05050680
     3.00000000    39.00000000     0.05059018
     3.00000000    42.00000000     0.05067760
     3.00000000    45.00000000     0.05076849
     3.00000000    48.00000000     0.05086230
     3.00000000    51.00000000     0.05095852
     3.00000000    54.00000000     0.05105660
     3.00000000    57.00000000     0.05115598
     3.00000000    60.00000000     0.05125610
     3.00000000    63.00000000     0.05135640
     3.00000000    66.00000000     0.05145640
     3.00000000    69.00000000     0.05155563
     3.00000000    72.00000000     0.05165360
     3.00000000    75.00000000     0.05174981
     3.00000000    78.00000000     0.05184390
     3.00000000    81.00000000     0.05193552
     3.00000000    84.00000000     0.05202430
     3.00000000    87.00000000     0.05210990
     3.00000000    90.00000000     0.05219210
     3.00000000    93.00000000     0.05227073
     3.00000000    96.00000000     0.05234560
     3.00000000    99.00000000     0.05241656
     3.00000000   102.00000000     0.05248350
     3.00000000   105.00000000     0.05254634
     3.00000000   108.00000000     0.05260510
     3.00000000   111.00000000     0.05265981
     3.00000000   114.00000000     0.05271050
     3.00000000   117.00000000     0.05275722
     3.00000000   120.00000000     0.05280010
     3.00000000   123.00000000     0.05283928
     3.00000000   126.00000000     0.05287490
     3.00000000   129.00000000     0.05290711
     3.00000000   132.00000000     0.05293610
     3.00000000   135.00000000     0.05296207
     3.00000000   138.00000000     0.05298520
     3.00000000   141.00000000     0.05300568
     3.00000000   144.00000000     0.05302370
     3.00000000   147.00000000     0.05303944
     3.00000000   150.00000000     0.05305310
     3.00000000   153.00000000     0.05306485
     3.00000000   156.00000000     0.05307490
     3.00000000   159.00000000     0.05308341
     3.00000000   162.00000000     0.05309050
     3.00000000   165.00000000     0.05309625
     3.00000000   168.00000000     0.05310080
     3.00000000   171.00000000     0.05310426
     3.00000000   174.00000000     0.05310660
     3.00000000   177.00000000     0.05310785
     3.00000000   180.00000000     0.05310850

     6.00000000     0.00000000     0.04896130
     6.00000000     3.00000000     0.04897763
     6.00000000     6.00000000     0.04900890
     6.00000000     9.00000000     0.04906680
     6.00000000    12.00000000     0.04915000
     6.00000000    15.00000000     0.04925473
     6.00000000    18.00000000     0.04938040
     6.00000000    21.00000000     0.04952695
     6.00000000    24.00000000     0.04969310
     6.00000000    27.00000000     0.04987731
     6.00000000    30.00000000     0.05007820
     6.00000000    33.00000000     0.05029435
     6.00000000    36.00000000     0.05052400
     6.00000000    39.00000000     0.05076530
     6.00000000    42.00000000     0.05101640
     6.00000000    45.00000000     0.05127540
     6.00000000    48.00000000     0.05154030
     6.00000000    51.00000000     0.05180906
     6.00000000    54.00000000     0.05207960
     6.00000000    57.00000000     0.05234988
     6.00000000    60.00000000     0.05261790
     6.00000000    63.00000000     0.05288174
     6.00000000    66.00000000     0.05313960
     6.00000000    69.00000000     0.05338975
     6.00000000    72.00000000     0.05363060
     6.00000000    75.00000000     0.05386067
     6.00000000    78.00000000     0.05407870
     6.00000000    81.00000000     0.05428354
     6.00000000    84.00000000     0.05447430
     6.00000000    87.00000000     0.05465021
     6.00000000    90.00000000     0.05481080
     6.00000000    93.00000000     0.05495574
     6.00000000    96.00000000     0.05508490
     6.00000000    99.00000000     0.05519827
     6.00000000   102.00000000     0.05529620
     6.00000000   105.00000000     0.05537912
     6.00000000   108.00000000     0.05544760
     6.00000000   111.00000000     0.05550229
     6.00000000   114.00000000     0.05554410
     6.00000000   117.00000000     0.05557404
     6.00000000   120.00000000     0.05559310
     6.00000000   123.00000000     0.05560233
     6.00000000   126.00000000     0.05560290
     6.00000000   129.00000000     0.05559600
     6.00000000   132.00000000     0.05558270
     6.00000000   135.00000000     0.05556408
     6.00000000   138.00000000     0.05554130
     6.00000000   141.00000000     0.05551549
     6.00000000   144.00000000     0.05548760
     6.00000000   147.00000000     0.05545851
     6.00000000   150.00000000     0.05542910
     6.00000000   153.00000000     0.05540021
     6.00000000   156.00000000     0.05537250
     6.00000000   159.00000000     0.05534661
     6.00000000   162.00000000     0.05532310
     6.00000000   165.00000000     0.05530248
     6.00000000   168.00000000     0.05528500
     6.00000000   171.00000000     0.05527096
     6.00000000   174.00000000     0.05526110
     6.00000000   177.00000000     0.05525574
     6.00000000   180.00000000     0.05525290

     9.00000000     0.00000000     0.04829160
     9.00000000     3.00000000     0.04832468
     9.00000000     6.00000000     0.04838820
     9.00000000     9.00000000     0.04850597
     9.00000000    12.00000000     0.04867530
     9.00000000    15.00000000     0.04888851
     9.00000000    18.00000000     0.04914440
     9.00000000    21.00000000     0.04944282
     9.00000000    24.00000000     0.04978140
     9.00000000    27.00000000     0.05015719
     9.00000000    30.00000000     0.05056700
     9.00000000    33.00000000     0.05100754
     9.00000000    36.00000000     0.05147520
     9.00000000    39.00000000     0.05196616
     9.00000000    42.00000000     0.05247610
     9.00000000    45.00000000     0.05300056
     9.00000000    48.00000000     0.05353490
     9.00000000    51.00000000     0.05407441
     9.00000000    54.00000000     0.05461420
     9.00000000    57.00000000     0.05514935
     9.00000000    60.00000000     0.05567510
     9.00000000    63.00000000     0.05618677
     9.00000000    66.00000000     0.05667990
     9.00000000    69.00000000     0.05715022
     9.00000000    72.00000000     0.05759390
     9.00000000    75.00000000     0.05800739
     9.00000000    78.00000000     0.05838780
     9.00000000    81.00000000     0.05873256
     9.00000000    84.00000000     0.05903980
     9.00000000    87.00000000     0.05930804
     9.00000000    90.00000000     0.05953660
     9.00000000    93.00000000     0.05972522
     9.00000000    96.00000000     0.05987440
     9.00000000    99.00000000     0.05998502
     9.00000000   102.00000000     0.06005860
     9.00000000   105.00000000     0.06009700
     9.00000000   108.00000000     0.06010270
     9.00000000   111.00000000     0.06007839
     9.00000000   114.00000000     0.06002710
     9.00000000   117.00000000     0.05995198
     9.00000000   120.00000000     0.05985640
     9.00000000   123.00000000     0.05974378
     9.00000000   126.00000000     0.05961750
     9.00000000   129.00000000     0.05948090
     9.00000000   132.00000000     0.05933720
     9.00000000   135.00000000     0.05918948
     9.00000000   138.00000000     0.05904050
     9.00000000   141.00000000     0.05889284
     9.00000000   144.00000000     0.05874880
     9.00000000   147.00000000     0.05861051
     9.00000000   150.00000000     0.05847970
     9.00000000   153.00000000     0.05835791
     9.00000000   156.00000000     0.05824630
     9.00000000   159.00000000     0.05814591
     9.00000000   162.00000000     0.05805770
     9.00000000   165.00000000     0.05798239
     9.00000000   168.00000000     0.05791990
     9.00000000   171.00000000     0.05787043
     9.00000000   174.00000000     0.05783610
     9.00000000   177.00000000     0.05781761
     9.00000000   180.00000000     0.05780800

    12.00000000     0.00000000     0.04795500
    12.00000000     3.00000000     0.04801126
    12.00000000     6.00000000     0.04811940
    12.00000000     9.00000000     0.04832006
    12.00000000    12.00000000     0.04860900
    12.00000000    15.00000000     0.04897354
    12.00000000    18.00000000     0.04941210
    12.00000000    21.00000000     0.04992488
    12.00000000    24.00000000     0.05050810
    12.00000000    27.00000000     0.05115695
    12.00000000    30.00000000     0.05186660
    12.00000000    33.00000000     0.05263188
    12.00000000    36.00000000     0.05344640
    12.00000000    39.00000000     0.05430325
    12.00000000    42.00000000     0.05519470
    12.00000000    45.00000000     0.05611262
    12.00000000    48.00000000     0.05704810
    12.00000000    51.00000000     0.05799194
    12.00000000    54.00000000     0.05893450
    12.00000000    57.00000000     0.05986603
    12.00000000    60.00000000     0.06077670
    12.00000000    63.00000000     0.06165678
    12.00000000    66.00000000     0.06249700
    12.00000000    69.00000000     0.06328841
    12.00000000    72.00000000     0.06402300
    12.00000000    75.00000000     0.06469331
    12.00000000    78.00000000     0.06529330
    12.00000000    81.00000000     0.06581767
    12.00000000    84.00000000     0.06626280
    12.00000000    87.00000000     0.06662599
    12.00000000    90.00000000     0.06690640
    12.00000000    93.00000000     0.06710415
    12.00000000    96.00000000     0.06722120
    12.00000000    99.00000000     0.06726035
    12.00000000   102.00000000     0.06722600
    12.00000000   105.00000000     0.06712325
    12.00000000   108.00000000     0.06695840
    12.00000000   111.00000000     0.06673824
    12.00000000   114.00000000     0.06647040
    12.00000000   117.00000000     0.06616273
    12.00000000   120.00000000     0.06582320
    12.00000000   123.00000000     0.06545973
    12.00000000   126.00000000     0.06508000
    12.00000000   129.00000000     0.06469143
    12.00000000   132.00000000     0.06430080
    12.00000000   135.00000000     0.06391447
    12.00000000   138.00000000     0.06353790
    12.00000000   141.00000000     0.06317603
    12.00000000   144.00000000     0.06283280
    12.00000000   147.00000000     0.06251164
    12.00000000   150.00000000     0.06221500
    12.00000000   153.00000000     0.06194490
    12.00000000   156.00000000     0.06170250
    12.00000000   159.00000000     0.06148867
    12.00000000   162.00000000     0.06130400
    12.00000000   165.00000000     0.06114868
    12.00000000   168.00000000     0.06102150
    12.00000000   171.00000000     0.06092192
    12.00000000   174.00000000     0.06085340
    12.00000000   177.00000000     0.06081668
    12.00000000   180.00000000     0.06079770

    15.00000000     0.00000000     0.04793690
    15.00000000     3.00000000     0.04802305
    15.00000000     6.00000000     0.04818890
    15.00000000     9.00000000     0.04849703
    15.00000000    12.00000000     0.04894160
    15.00000000    15.00000000     0.04950403
    15.00000000    18.00000000     0.05018310
    15.00000000    21.00000000     0.05098038
    15.00000000    24.00000000     0.05189130
    15.00000000    27.00000000     0.05290963
    15.00000000    30.00000000     0.05402880
    15.00000000    33.00000000     0.05524160
    15.00000000    36.00000000     0.05653860
    15.00000000    39.00000000     0.05790936
    15.00000000    42.00000000     0.05934150
    15.00000000    45.00000000     0.06082170
    15.00000000    48.00000000     0.06233480
    15.00000000    51.00000000     0.06386486
    15.00000000    54.00000000     0.06539470
    15.00000000    57.00000000     0.06690669
    15.00000000    60.00000000     0.06838260
    15.00000000    63.00000000     0.06980419
    15.00000000    66.00000000     0.07115380
    15.00000000    69.00000000     0.07241430
    15.00000000    72.00000000     0.07357020
    15.00000000    75.00000000     0.07460708
    15.00000000    78.00000000     0.07551310
    15.00000000    81.00000000     0.07627798
    15.00000000    84.00000000     0.07689500
    15.00000000    87.00000000     0.07735929
    15.00000000    90.00000000     0.07766980
    15.00000000    93.00000000     0.07782740
    15.00000000    96.00000000     0.07783680
    15.00000000    99.00000000     0.07770450
    15.00000000   102.00000000     0.07744030
    15.00000000   105.00000000     0.07705542
    15.00000000   108.00000000     0.07656350
    15.00000000   111.00000000     0.07597911
    15.00000000   114.00000000     0.07531800
    15.00000000   117.00000000     0.07459629
    15.00000000   120.00000000     0.07383020
    15.00000000   123.00000000     0.07303575
    15.00000000   126.00000000     0.07222790
    15.00000000   129.00000000     0.07142091
    15.00000000   132.00000000     0.07062730
    15.00000000   135.00000000     0.06985858
    15.00000000   138.00000000     0.06912400
    15.00000000   141.00000000     0.06843165
    15.00000000   144.00000000     0.06778730
    15.00000000   147.00000000     0.06719562
    15.00000000   150.00000000     0.06665920
    15.00000000   153.00000000     0.06617968
    15.00000000   156.00000000     0.06575700
    15.00000000   159.00000000     0.06539054
    15.00000000   162.00000000     0.06507920
    15.00000000   165.00000000     0.06482126
    15.00000000   168.00000000     0.06461300
    15.00000000   171.00000000     0.06445188
    15.00000000   174.00000000     0.06434200
    15.00000000   177.00000000     0.06428340
    15.00000000   180.00000000     0.06425330

    18.00000000     0.00000000     0.04822160
    18.00000000     3.00000000     0.04834458
    18.00000000     6.00000000     0.04858160
    18.00000000     9.00000000     0.04902254
    18.00000000    12.00000000     0.04966060
    18.00000000    15.00000000     0.05047106
    18.00000000    18.00000000     0.05145430
    18.00000000    21.00000000     0.05261477
    18.00000000    24.00000000     0.05394820
    18.00000000    27.00000000     0.05544797
    18.00000000    30.00000000     0.05710680
    18.00000000    33.00000000     0.05891621
    18.00000000    36.00000000     0.06086370
    18.00000000    39.00000000     0.06293486
    18.00000000    42.00000000     0.06511160
    18.00000000    45.00000000     0.06737396
    18.00000000    48.00000000     0.06969810
    18.00000000    51.00000000     0.07205848
    18.00000000    54.00000000     0.07442650
    18.00000000    57.00000000     0.07677237
    18.00000000    60.00000000     0.07906460
    18.00000000    63.00000000     0.08127136
    18.00000000    66.00000000     0.08336120
    18.00000000    69.00000000     0.08530339
    18.00000000    72.00000000     0.08706970
    18.00000000    75.00000000     0.08863370
    18.00000000    78.00000000     0.08997370
    18.00000000    81.00000000     0.09107084
    18.00000000    84.00000000     0.09191280
    18.00000000    87.00000000     0.09249075
    18.00000000    90.00000000     0.09280320
    18.00000000    93.00000000     0.09285235
    18.00000000    96.00000000     0.09264780
    18.00000000    99.00000000     0.09220257
    18.00000000   102.00000000     0.09153580
    18.00000000   105.00000000     0.09066931
    18.00000000   108.00000000     0.08962930
    18.00000000   111.00000000     0.08844358
    18.00000000   114.00000000     0.08714180
    18.00000000   117.00000000     0.08575403
    18.00000000   120.00000000     0.08431000
    18.00000000   123.00000000     0.08283875
    18.00000000   126.00000000     0.08136680
    18.00000000   129.00000000     0.07991909
    18.00000000   132.00000000     0.07851670
    18.00000000   135.00000000     0.07717860
    18.00000000   138.00000000     0.07591910
    18.00000000   141.00000000     0.07475024
    18.00000000   144.00000000     0.07367950
    18.00000000   147.00000000     0.07271227
    18.00000000   150.00000000     0.07185000
    18.00000000   153.00000000     0.07109240
    18.00000000   156.00000000     0.07043620
    18.00000000   159.00000000     0.06987720
    18.00000000   162.00000000     0.06941040
    18.00000000   165.00000000     0.06902998
    18.00000000   168.00000000     0.06872760
    18.00000000   171.00000000     0.06849675
    18.00000000   174.00000000     0.06834090
    18.00000000   177.00000000     0.06825826
    18.00000000   180.00000000     0.06821610

    21.00000000     0.00000000     0.04879200
    21.00000000     3.00000000     0.04895860
    21.00000000     6.00000000     0.04928040
    21.00000000     9.00000000     0.04988021
    21.00000000    12.00000000     0.05075120
    21.00000000    15.00000000     0.05186275
    21.00000000    18.00000000     0.05321880
    21.00000000    21.00000000     0.05482905
    21.00000000    24.00000000     0.05669180
    21.00000000    27.00000000     0.05880214
    21.00000000    30.00000000     0.06115370
    21.00000000    33.00000000     0.06373818
    21.00000000    36.00000000     0.06654090
    21.00000000    39.00000000     0.06954392
    21.00000000    42.00000000     0.07272260
    21.00000000    45.00000000     0.07604884
    21.00000000    48.00000000     0.07948730
    21.00000000    51.00000000     0.08299930
    21.00000000    54.00000000     0.08653990
    21.00000000    57.00000000     0.09006158
    21.00000000    60.00000000     0.09351280
    21.00000000    63.00000000     0.09684087
    21.00000000    66.00000000     0.09999250
    21.00000000    69.00000000     0.10291516
    21.00000000    72.00000000     0.10555990
    21.00000000    75.00000000     0.10788067
    21.00000000    78.00000000     0.10983940
    21.00000000    81.00000000     0.11140288
    21.00000000    84.00000000     0.11254920
    21.00000000    87.00000000     0.11326267
    21.00000000    90.00000000     0.11354100
    21.00000000    93.00000000     0.11338858
    21.00000000    96.00000000     0.11282300
    21.00000000    99.00000000     0.11186794
    21.00000000   102.00000000     0.11055810
    21.00000000   105.00000000     0.10893278
    21.00000000   108.00000000     0.10703870
    21.00000000   111.00000000     0.10492511
    21.00000000   114.00000000     0.10264400
    21.00000000   117.00000000     0.10024765
    21.00000000   120.00000000     0.09778680
    21.00000000   123.00000000     0.09531048
    21.00000000   126.00000000     0.09286250
    21.00000000   129.00000000     0.09048347
    21.00000000   132.00000000     0.08820650
    21.00000000   135.00000000     0.08606073
    21.00000000   138.00000000     0.08406680
    21.00000000   141.00000000     0.08224121
    21.00000000   144.00000000     0.08059240
    21.00000000   147.00000000     0.07912513
    21.00000000   150.00000000     0.07783760
    21.00000000   153.00000000     0.07672517
    21.00000000   156.00000000     0.07577840
    21.00000000   159.00000000     0.07498636
    21.00000000   162.00000000     0.07433700
    21.00000000   165.00000000     0.07381728
    21.00000000   168.00000000     0.07341140
    21.00000000   171.00000000     0.07310633
    21.00000000   174.00000000     0.07290290
    21.00000000   177.00000000     0.07279587
    21.00000000   180.00000000     0.07274180

    24.00000000     0.00000000     0.04962980
    24.00000000     3.00000000     0.04984651
    24.00000000     6.00000000     0.05026650
    24.00000000     9.00000000     0.05105131
    24.00000000    12.00000000     0.05219540
    24.00000000    15.00000000     0.05366306
    24.00000000    18.00000000     0.05546480
    24.00000000    21.00000000     0.05761909
    24.00000000    24.00000000     0.06013000
    24.00000000    27.00000000     0.06299741
    24.00000000    30.00000000     0.06621890
    24.00000000    33.00000000     0.06978909
    24.00000000    36.00000000     0.07369300
    24.00000000    39.00000000     0.07791044
    24.00000000    42.00000000     0.08241010
    24.00000000    45.00000000     0.08715475
    24.00000000    48.00000000     0.09209470
    24.00000000    51.00000000     0.09717419
    24.00000000    54.00000000     0.10232580
    24.00000000    57.00000000     0.10747707
    24.00000000    60.00000000     0.11254710
    24.00000000    63.00000000     0.11745219
    24.00000000    66.00000000     0.12210580
    24.00000000    69.00000000     0.12642184
    24.00000000    72.00000000     0.13031880
    24.00000000    75.00000000     0.13371945
    24.00000000    78.00000000     0.13655910
    24.00000000    81.00000000     0.13878097
    24.00000000    84.00000000     0.14034750
    24.00000000    87.00000000     0.14123170
    24.00000000    90.00000000     0.14142960
    24.00000000    93.00000000     0.14094873
    24.00000000    96.00000000     0.13981950
    24.00000000    99.00000000     0.13808278
    24.00000000   102.00000000     0.13579820
    24.00000000   105.00000000     0.13303307
    24.00000000   108.00000000     0.12986650
    24.00000000   111.00000000     0.12638143
    24.00000000   114.00000000     0.12266430
    24.00000000   117.00000000     0.11880138
    24.00000000   120.00000000     0.11487480
    24.00000000   123.00000000     0.11096311
    24.00000000   126.00000000     0.10713470
    24.00000000   129.00000000     0.10345206
    24.00000000   132.00000000     0.09996430
    24.00000000   135.00000000     0.09671356
    24.00000000   138.00000000     0.09372760
    24.00000000   141.00000000     0.09102729
    24.00000000   144.00000000     0.08862030
    24.00000000   147.00000000     0.08650846
    24.00000000   150.00000000     0.08468330
    24.00000000   153.00000000     0.08313206
    24.00000000   156.00000000     0.08183500
    24.00000000   159.00000000     0.08077026
    24.00000000   162.00000000     0.07991430
    24.00000000   165.00000000     0.07924265
    24.00000000   168.00000000     0.07872860
    24.00000000   171.00000000     0.07834942
    24.00000000   174.00000000     0.07810040
    24.00000000   177.00000000     0.07797056
    24.00000000   180.00000000     0.07790570

    27.00000000     0.00000000     0.05071420
    27.00000000     3.00000000     0.05098750
    27.00000000     6.00000000     0.05151880
    27.00000000     9.00000000     0.05251409
    27.00000000    12.00000000     0.05397130
    27.00000000    15.00000000     0.05585138
    27.00000000    18.00000000     0.05817530
    27.00000000    21.00000000     0.06097473
    27.00000000    24.00000000     0.06426400
    27.00000000    27.00000000     0.06805234
    27.00000000    30.00000000     0.07234590
    27.00000000    33.00000000     0.07714658
    27.00000000    36.00000000     0.08244240
    27.00000000    39.00000000     0.08821367
    27.00000000    42.00000000     0.09442360
    27.00000000    45.00000000     0.10102602
    27.00000000    48.00000000     0.10795420
    27.00000000    51.00000000     0.11513125
    27.00000000    54.00000000     0.12246010
    27.00000000    57.00000000     0.12983458
    27.00000000    60.00000000     0.13713220
    27.00000000    63.00000000     0.14422456
    27.00000000    66.00000000     0.15097580
    27.00000000    69.00000000     0.15724941
    27.00000000    72.00000000     0.16291370
    27.00000000    75.00000000     0.16784296
    27.00000000    78.00000000     0.17193050
    27.00000000    81.00000000     0.17508219
    27.00000000    84.00000000     0.17723510
    27.00000000    87.00000000     0.17834373
    27.00000000    90.00000000     0.17840100
    27.00000000    93.00000000     0.17741906
    27.00000000    96.00000000     0.17544840
    27.00000000    99.00000000     0.17255686
    27.00000000   102.00000000     0.16884320
    27.00000000   105.00000000     0.16441845
    27.00000000   108.00000000     0.15941180
    27.00000000   111.00000000     0.15395792
    27.00000000   114.00000000     0.14819510
    27.00000000   117.00000000     0.14226020
    27.00000000   120.00000000     0.13628070
    27.00000000   123.00000000     0.13037714
    27.00000000   126.00000000     0.12465170
    27.00000000   129.00000000     0.11919626
    27.00000000   132.00000000     0.11407990
    27.00000000   135.00000000     0.10936024
    27.00000000   138.00000000     0.10507190
    27.00000000   141.00000000     0.10123873
    27.00000000   144.00000000     0.09786450
    27.00000000   147.00000000     0.09494419
    27.00000000   150.00000000     0.09245770
    27.00000000   153.00000000     0.09037876
    27.00000000   156.00000000     0.08867160
    27.00000000   159.00000000     0.08729763
    27.00000000   162.00000000     0.08621650
    27.00000000   165.00000000     0.08538710
    27.00000000   168.00000000     0.08476720
    27.00000000   171.00000000     0.08432001
    27.00000000   174.00000000     0.08403180
    27.00000000   177.00000000     0.08388335
    27.00000000   180.00000000     0.08381040

    30.00000000     0.00000000     0.05202320
    30.00000000     3.00000000     0.05235899
    30.00000000     6.00000000     0.05301390
    30.00000000     9.00000000     0.05424405
    30.00000000    12.00000000     0.05605360
    30.00000000    15.00000000     0.05840273
    30.00000000    18.00000000     0.06132770
    30.00000000    21.00000000     0.06487885
    30.00000000    24.00000000     0.06908680
    30.00000000    27.00000000     0.07397638
    30.00000000    30.00000000     0.07956910
    30.00000000    33.00000000     0.08588053
    30.00000000    36.00000000     0.09290580
    30.00000000    39.00000000     0.10063031
    30.00000000    42.00000000     0.10902090
    30.00000000    45.00000000     0.11802577
    30.00000000    48.00000000     0.12753700
    30.00000000    51.00000000     0.13744713
    30.00000000    54.00000000     0.14770670
    30.00000000    57.00000000     0.15818801
    30.00000000    60.00000000     0.16839240
    30.00000000    63.00000000     0.17790107
    30.00000000    66.00000000     0.18698560
    30.00000000    69.00000000     0.19591008
    30.00000000    72.00000000     0.20421820
    30.00000000    75.00000000     0.21137126
    30.00000000    78.00000000     0.21722140
    30.00000000    81.00000000     0.22170537
    30.00000000    84.00000000     0.22470750
    30.00000000    87.00000000     0.22612645
    30.00000000    90.00000000     0.22597060
    30.00000000    93.00000000     0.22427115
    30.00000000    96.00000000     0.22104090
    30.00000000    99.00000000     0.21637186
    30.00000000   102.00000000     0.21069130
    30.00000000   105.00000000     0.20437239
    30.00000000   108.00000000     0.19723670
    30.00000000   111.00000000     0.18911171
    30.00000000   114.00000000     0.18040020
    30.00000000   117.00000000     0.17157407
    30.00000000   120.00000000     0.16280640
    30.00000000   123.00000000     0.15420623
    30.00000000   126.00000000     0.14592530
    30.00000000   129.00000000     0.13811180
    30.00000000   132.00000000     0.13085700
    30.00000000   135.00000000     0.12423051
    30.00000000   138.00000000     0.11827220
    30.00000000   141.00000000     0.11300685
    30.00000000   144.00000000     0.10842870
    30.00000000   147.00000000     0.10451925
    30.00000000   150.00000000     0.10123970
    30.00000000   153.00000000     0.09854307
    30.00000000   156.00000000     0.09637010
    30.00000000   159.00000000     0.09465807
    30.00000000   162.00000000     0.09334270
    30.00000000   165.00000000     0.09235967
    30.00000000   168.00000000     0.09164600
    30.00000000   171.00000000     0.09114601
    30.00000000   174.00000000     0.09083200
    30.00000000   177.00000000     0.09067293
    30.00000000   180.00000000     0.09059650

    33.00000000     0.00000000     0.05353290
    33.00000000     3.00000000     0.05393638
    33.00000000     6.00000000     0.05472620
    33.00000000     9.00000000     0.05621410
    33.00000000    12.00000000     0.05841350
    33.00000000    15.00000000     0.06128710
    33.00000000    18.00000000     0.06489290
    33.00000000    21.00000000     0.06930696
    33.00000000    24.00000000     0.07458210
    33.00000000    27.00000000     0.08076624
    33.00000000    30.00000000     0.08791090
    33.00000000    33.00000000     0.09605576
    33.00000000    36.00000000     0.10518950
    33.00000000    39.00000000     0.11530464
    33.00000000    42.00000000     0.12645990
    33.00000000    45.00000000     0.13862457
    33.00000000    48.00000000     0.15134390
    33.00000000    51.00000000     0.16424037
    33.00000000    54.00000000     0.17766950
    33.00000000    57.00000000     0.19195552
    33.00000000    60.00000000     0.20656440
    33.00000000    63.00000000     0.22084063
    33.00000000    66.00000000     0.23450100
    33.00000000    69.00000000     0.24732728
    33.00000000    72.00000000     0.25898890
    33.00000000    75.00000000     0.26914391
    33.00000000    78.00000000     0.27751730
    33.00000000    81.00000000     0.28386862
    33.00000000    84.00000000     0.28802870
    33.00000000    87.00000000     0.28987129
    33.00000000    90.00000000     0.28937050
    33.00000000    93.00000000     0.28655595
    33.00000000    96.00000000     0.28157880
    33.00000000    99.00000000     0.27462227
    33.00000000   102.00000000     0.26587630
    33.00000000   105.00000000     0.25560871
    33.00000000   108.00000000     0.24439230
    33.00000000   111.00000000     0.23274121
    33.00000000   114.00000000     0.22063010
    33.00000000   117.00000000     0.20801944
    33.00000000   120.00000000     0.19535250
    33.00000000   123.00000000     0.18311806
    33.00000000   126.00000000     0.17150410
    33.00000000   129.00000000     0.16062535
    33.00000000   132.00000000     0.15060440
    33.00000000   135.00000000     0.14154852
    33.00000000   138.00000000     0.13349590
    33.00000000   141.00000000     0.12645864
    33.00000000   144.00000000     0.12041350
    33.00000000   147.00000000     0.11532131
    33.00000000   150.00000000     0.11111460
    33.00000000   153.00000000     0.10771525
    33.00000000   156.00000000     0.10503100
    33.00000000   159.00000000     0.10296581
    33.00000000   162.00000000     0.10142280
    33.00000000   165.00000000     0.10030626
    33.00000000   168.00000000     0.09952590
    33.00000000   171.00000000     0.09900101
    33.00000000   174.00000000     0.09868380
    33.00000000   177.00000000     0.09852727
    33.00000000   180.00000000     0.09845480

    36.00000000     0.00000000     0.05521750
    36.00000000     3.00000000     0.05569326
    36.00000000     6.00000000     0.05662780
    36.00000000     9.00000000     0.05839361
    36.00000000    12.00000000     0.06101810
    36.00000000    15.00000000     0.06447090
    36.00000000    18.00000000     0.06883570
    36.00000000    21.00000000     0.07422128
    36.00000000    24.00000000     0.08072260
    36.00000000    27.00000000     0.08842360
    36.00000000    30.00000000     0.09737780
    36.00000000    33.00000000     0.10765011
    36.00000000    36.00000000     0.11938150
    36.00000000    39.00000000     0.13262271
    36.00000000    42.00000000     0.14698760
    36.00000000    45.00000000     0.16216932
    36.00000000    48.00000000     0.17861510
    36.00000000    51.00000000     0.19672890
    36.00000000    54.00000000     0.21598760
    36.00000000    57.00000000     0.23572238
    36.00000000    60.00000000     0.25560880
    36.00000000    63.00000000     0.27536357
    36.00000000    66.00000000     0.29452370
    36.00000000    69.00000000     0.31258433
    36.00000000    72.00000000     0.32905270
    36.00000000    75.00000000     0.34344961
    36.00000000    78.00000000     0.35533780
    36.00000000    81.00000000     0.36432106
    36.00000000    84.00000000     0.37012530
    36.00000000    87.00000000     0.37254862
    36.00000000    90.00000000     0.37155570
    36.00000000    93.00000000     0.36719319
    36.00000000    96.00000000     0.35966910
    36.00000000    99.00000000     0.34926660
    36.00000000   102.00000000     0.33640800
    36.00000000   105.00000000     0.32154560
    36.00000000   108.00000000     0.30511240
    36.00000000   111.00000000     0.28759657
    36.00000000   114.00000000     0.26972610
    36.00000000   117.00000000     0.25214363
    36.00000000   120.00000000     0.23491050
    36.00000000   123.00000000     0.21804370
    36.00000000   126.00000000     0.20196410
    36.00000000   129.00000000     0.18711490
    36.00000000   132.00000000     0.17362470
    36.00000000   135.00000000     0.16154028
    36.00000000   138.00000000     0.15089570
    36.00000000   141.00000000     0.14170463
    36.00000000   144.00000000     0.13391180
    36.00000000   147.00000000     0.12743750
    36.00000000   150.00000000     0.12217310
    36.00000000   153.00000000     0.11799846
    36.00000000   156.00000000     0.11477630
    36.00000000   159.00000000     0.11236532
    36.00000000   162.00000000     0.11062530
    36.00000000   165.00000000     0.10941921
    36.00000000   168.00000000     0.10862160
    36.00000000   171.00000000     0.10811919
    36.00000000   174.00000000     0.10783580
    36.00000000   177.00000000     0.10770298
    36.00000000   180.00000000     0.10764620

    39.00000000     0.00000000     0.05704950
    39.00000000     3.00000000     0.05760099
    39.00000000     6.00000000     0.05868870
    39.00000000     9.00000000     0.06075058
    39.00000000    12.00000000     0.06383150
    39.00000000    15.00000000     0.06791271
    39.00000000    18.00000000     0.07311410
    39.00000000    21.00000000     0.07958691
    39.00000000    24.00000000     0.08746920
    39.00000000    27.00000000     0.09689014
    39.00000000    30.00000000     0.10795660
    39.00000000    33.00000000     0.12078382
    39.00000000    36.00000000     0.13554290
    39.00000000    39.00000000     0.15232169
    39.00000000    42.00000000     0.17081930
    39.00000000    45.00000000     0.19079488
    39.00000000    48.00000000     0.21263650
    39.00000000    51.00000000     0.23667129
    39.00000000    54.00000000     0.26235370
    39.00000000    57.00000000     0.28898254
    39.00000000    60.00000000     0.31610690
    39.00000000    63.00000000     0.34328348
    39.00000000    66.00000000     0.36984930
    39.00000000    69.00000000     0.39508097
    39.00000000    72.00000000     0.41823310
    39.00000000    75.00000000     0.43856808
    39.00000000    78.00000000     0.45540130
    39.00000000    81.00000000     0.46810776
    39.00000000    84.00000000     0.47624790
    39.00000000    87.00000000     0.47949474
    39.00000000    90.00000000     0.47778630
    39.00000000    93.00000000     0.47119386
    39.00000000    96.00000000     0.46005680
    39.00000000    99.00000000     0.44482645
    39.00000000   102.00000000     0.42613390
    39.00000000   105.00000000     0.40467538
    39.00000000   108.00000000     0.38122800
    39.00000000   111.00000000     0.35655851
    39.00000000   114.00000000     0.33131140
    39.00000000   117.00000000     0.30613838
    39.00000000   120.00000000     0.28184230
    39.00000000   123.00000000     0.25909475
    39.00000000   126.00000000     0.23789120
    39.00000000   129.00000000     0.21815540
    39.00000000   132.00000000     0.20020030
    39.00000000   135.00000000     0.18435205
    39.00000000   138.00000000     0.17060030
    39.00000000   141.00000000     0.15884981
    39.00000000   144.00000000     0.14900230
    39.00000000   147.00000000     0.14094488
    39.00000000   150.00000000     0.13450940
    39.00000000   153.00000000     0.12951101
    39.00000000   156.00000000     0.12575340
    39.00000000   159.00000000     0.12303790
    39.00000000   162.00000000     0.12116780
    39.00000000   165.00000000     0.11995204
    39.00000000   168.00000000     0.11922010
    39.00000000   171.00000000     0.11881649
    39.00000000   174.00000000     0.11862540
    39.00000000   177.00000000     0.11854969
    39.00000000   180.00000000     0.11852730

    42.00000000     0.00000000     0.05899960
    42.00000000     3.00000000     0.05962917
    42.00000000     6.00000000     0.06087690
    42.00000000     9.00000000     0.06325029
    42.00000000    12.00000000     0.06681420
    42.00000000    15.00000000     0.07156649
    42.00000000    18.00000000     0.07767970
    42.00000000    21.00000000     0.08535951
    42.00000000    24.00000000     0.09476950
    42.00000000    27.00000000     0.10608995
    42.00000000    30.00000000     0.11961000
    42.00000000    33.00000000     0.13554368
    42.00000000    36.00000000     0.15369560
    42.00000000    39.00000000     0.17395445
    42.00000000    42.00000000     0.19695480
    42.00000000    45.00000000     0.22327745
    42.00000000    48.00000000     0.25254240
    42.00000000    51.00000000     0.28419523
    42.00000000    54.00000000     0.31794470
    42.00000000    57.00000000     0.35348403
    42.00000000    60.00000000     0.39018120
    42.00000000    63.00000000     0.42728049
    42.00000000    66.00000000     0.46385680
    42.00000000    69.00000000     0.49891250
    42.00000000    72.00000000     0.53132940
    42.00000000    75.00000000     0.55997565
    42.00000000    78.00000000     0.58378538
    42.00000000    81.00000000     0.60177807
    42.00000000    84.00000000     0.61324865
    42.00000000    87.00000000     0.61766749
    42.00000000    90.00000000     0.61493135
    42.00000000    93.00000000     0.60515051
    42.00000000    96.00000000     0.58886288
    42.00000000    99.00000000     0.56678372
    42.00000000   102.00000000     0.53991010
    42.00000000   105.00000000     0.50932497
    42.00000000   108.00000000     0.47617300
    42.00000000   111.00000000     0.44159116
    42.00000000   114.00000000     0.40662380
    42.00000000   117.00000000     0.37222326
    42.00000000   120.00000000     0.33906630
    42.00000000   123.00000000     0.30777701
    42.00000000   126.00000000     0.27904420
    42.00000000   129.00000000     0.25338633
    42.00000000   132.00000000     0.23057560
    42.00000000   135.00000000     0.21030558
    42.00000000   138.00000000     0.19270150
    42.00000000   141.00000000     0.17791143
    42.00000000   144.00000000     0.16574300
    42.00000000   147.00000000     0.15592607
    42.00000000   150.00000000     0.14821970
    42.00000000   153.00000000     0.14238213
    42.00000000   156.00000000     0.13813910
    42.00000000   159.00000000     0.13521104
    42.00000000   162.00000000     0.13332950
    42.00000000   165.00000000     0.13223630
    42.00000000   168.00000000     0.13170320
    42.00000000   171.00000000     0.13151916
    42.00000000   174.00000000     0.13151200
    42.00000000   177.00000000     0.13154514
    42.00000000   180.00000000     0.13158550

    45.00000000     0.00000000     0.06103720
    45.00000000     3.00000000     0.06174797
    45.00000000     6.00000000     0.06315890
    45.00000000     9.00000000     0.06585045
    45.00000000    12.00000000     0.06992420
    45.00000000    15.00000000     0.07540354
    45.00000000    18.00000000     0.08247790
    45.00000000    21.00000000     0.09140589
    45.00000000    24.00000000     0.10255680
    45.00000000    27.00000000     0.11622216
    45.00000000    30.00000000     0.13227190
    45.00000000    33.00000000     0.15069908
    45.00000000    36.00000000     0.17241090
    45.00000000    39.00000000     0.19828254
    45.00000000    42.00000000     0.22814690
    45.00000000    45.00000000     0.26166620
    45.00000000    48.00000000     0.29886220
    45.00000000    51.00000000     0.33975514
    45.00000000    54.00000000     0.38399960
    45.00000000    57.00000000     0.43108919
    45.00000000    60.00000000     0.48023930
    45.00000000    63.00000000     0.53050930
    45.00000000    66.00000000     0.58061273
    45.00000000    69.00000000     0.62912012
    45.00000000    72.00000000     0.67437568
    45.00000000    75.00000000     0.71467799
    45.00000000    78.00000000     0.74836928
    45.00000000    81.00000000     0.77390557
    45.00000000    84.00000000     0.79015445
    45.00000000    87.00000000     0.79625779
    45.00000000    90.00000000     0.79204303
    45.00000000    93.00000000     0.77768137
    45.00000000    96.00000000     0.75403356
    45.00000000    99.00000000     0.72223831
    45.00000000   102.00000000     0.68385679
    45.00000000   105.00000000     0.64056741
    45.00000000   108.00000000     0.59409516
    45.00000000   111.00000000     0.54612482
    45.00000000   114.00000000     0.49813380
    45.00000000   117.00000000     0.45144397
    45.00000000   120.00000000     0.40696230
    45.00000000   123.00000000     0.36548175
    45.00000000   126.00000000     0.32775400
    45.00000000   129.00000000     0.29432193
    45.00000000   132.00000000     0.26493460
    45.00000000   135.00000000     0.23923580
    45.00000000   138.00000000     0.21724210
    45.00000000   141.00000000     0.19898260
    45.00000000   144.00000000     0.18416370
    45.00000000   147.00000000     0.17241715
    45.00000000   150.00000000     0.16339880
    45.00000000   153.00000000     0.15676423
    45.00000000   156.00000000     0.15214370
    45.00000000   159.00000000     0.14916447
    45.00000000   162.00000000     0.14746700
    45.00000000   165.00000000     0.14670586
    45.00000000   168.00000000     0.14657870
    45.00000000   171.00000000     0.14680152
    45.00000000   174.00000000     0.14712060
    45.00000000   177.00000000     0.14734332
    45.00000000   180.00000000     0.14749110

    48.00000000     0.00000000     0.06313080
    48.00000000     3.00000000     0.06392202
    48.00000000     6.00000000     0.06550000
    48.00000000     9.00000000     0.06852072
    48.00000000    12.00000000     0.07311700
    48.00000000    15.00000000     0.07934133
    48.00000000    18.00000000     0.08744810
    48.00000000    21.00000000     0.09776975
    48.00000000    24.00000000     0.11074920
    48.00000000    27.00000000     0.12676662
    48.00000000    30.00000000     0.14584080
    48.00000000    33.00000000     0.16811540
    48.00000000    36.00000000     0.19459480
    48.00000000    39.00000000     0.22625614
    48.00000000    42.00000000     0.26310670
    48.00000000    45.00000000     0.30498829
    48.00000000    48.00000000     0.35205070
    48.00000000    51.00000000     0.40441389
    48.00000000    54.00000000     0.46177060
    48.00000000    57.00000000     0.52360108
    48.00000000    60.00000000     0.58896289
    48.00000000    63.00000000     0.65666864
    48.00000000    66.00000000     0.72497388
    48.00000000    69.00000000     0.79188530
    48.00000000    72.00000000     0.85497129
    48.00000000    75.00000000     0.91168340
    48.00000000    78.00000000     0.95944404
    48.00000000    81.00000000     0.99581962
    48.00000000    84.00000000     1.01898164
    48.00000000    87.00000000     1.02753060
    48.00000000    90.00000000     1.02117782
    48.00000000    93.00000000     1.00019229
    48.00000000    96.00000000     0.96596289
    48.00000000    99.00000000     0.92031502
    48.00000000   102.00000000     0.86570028
    48.00000000   105.00000000     0.80472228
    48.00000000   108.00000000     0.73996649
    48.00000000   111.00000000     0.67390904
    48.00000000   114.00000000     0.60860693
    48.00000000   117.00000000     0.54585658
    48.00000000   120.00000000     0.48683120
    48.00000000   123.00000000     0.43249609
    48.00000000   126.00000000     0.38360820
    48.00000000   129.00000000     0.34066952
    48.00000000   132.00000000     0.30337050
    48.00000000   135.00000000     0.27126852
    48.00000000   138.00000000     0.24420020
    48.00000000   141.00000000     0.22200535
    48.00000000   144.00000000     0.20425730
    48.00000000   147.00000000     0.19046508
    48.00000000   150.00000000     0.18014694
    48.00000000   153.00000000     0.17282343
    48.00000000   156.00000000     0.16801510
    48.00000000   159.00000000     0.16524338
    48.00000000   162.00000000     0.16403320
    48.00000000   165.00000000     0.16392551
    48.00000000   168.00000000     0.16452180
    48.00000000   171.00000000     0.16544040
    48.00000000   174.00000000     0.16630640
    48.00000000   177.00000000     0.16684430
    48.00000000   180.00000000     0.16716930

    51.00000000     0.00000000     0.06524810
    51.00000000     3.00000000     0.06611905
    51.00000000     6.00000000     0.06786450
    51.00000000     9.00000000     0.07121767
    51.00000000    12.00000000     0.07634660
    51.00000000    15.00000000     0.08333872
    51.00000000    18.00000000     0.09252410
    51.00000000    21.00000000     0.10431993
    51.00000000    24.00000000     0.11924920
    51.00000000    27.00000000     0.13779442
    51.00000000    30.00000000     0.16017040
    51.00000000    33.00000000     0.18672160
    51.00000000    36.00000000     0.21857880
    51.00000000    39.00000000     0.25685522
    51.00000000    42.00000000     0.30180760
    51.00000000    45.00000000     0.35354396
    51.00000000    48.00000000     0.41243390
    51.00000000    51.00000000     0.47879122
    51.00000000    54.00000000     0.55244490
    51.00000000    57.00000000     0.63295039
    51.00000000    60.00000000     0.71925369
    51.00000000    63.00000000     0.80992966
    51.00000000    66.00000000     0.90267790
    51.00000000    69.00000000     0.99477586
    51.00000000    72.00000000     1.08268756
    51.00000000    75.00000000     1.16261870
    51.00000000    78.00000000     1.23055525
    51.00000000    81.00000000     1.28264649
    51.00000000    84.00000000     1.31591481
    51.00000000    87.00000000     1.32805563
    51.00000000    90.00000000     1.31858344
    51.00000000    93.00000000     1.28792725
    51.00000000    96.00000000     1.23835508
    51.00000000    99.00000000     1.17282283
    51.00000000   102.00000000     1.09519906
    51.00000000   105.00000000     1.00953307
    51.00000000   108.00000000     0.91968450
    51.00000000   111.00000000     0.82926130
    51.00000000   114.00000000     0.74105424
    51.00000000   117.00000000     0.65743570
    51.00000000   120.00000000     0.57992172
    51.00000000   123.00000000     0.50963047
    51.00000000   126.00000000     0.44694510
    51.00000000   129.00000000     0.39204671
    51.00000000   132.00000000     0.34504330
    51.00000000   135.00000000     0.30582364
    51.00000000   138.00000000     0.27347280
    51.00000000   141.00000000     0.24700685
    51.00000000   144.00000000     0.22596960
    51.00000000   147.00000000     0.20998084
    51.00000000   150.00000000     0.19843643
    51.00000000   153.00000000     0.19067626
    51.00000000   156.00000000     0.18604020
    51.00000000   159.00000000     0.18388066
    51.00000000   162.00000000     0.18360010
    51.00000000   165.00000000     0.18462523
    51.00000000   168.00000000     0.18642960
    51.00000000   171.00000000     0.18848944
    51.00000000   174.00000000     0.19024490
    51.00000000   177.00000000     0.19129467
    51.00000000   180.00000000     0.19190780

    54.00000000     0.00000000     0.06735650
    54.00000000     3.00000000     0.06830113
    54.00000000     6.00000000     0.07021660
    54.00000000     9.00000000     0.07391408
    54.00000000    12.00000000     0.07956600
    54.00000000    15.00000000     0.08729152
    54.00000000    18.00000000     0.09763540
    54.00000000    21.00000000     0.11114379
    54.00000000    24.00000000     0.12794280
    54.00000000    27.00000000     0.14832911
    54.00000000    30.00000000     0.17370180
    54.00000000    33.00000000     0.20549228
    54.00000000    36.00000000     0.24415890
    54.00000000    39.00000000     0.29005455
    54.00000000    42.00000000     0.34408340
    54.00000000    45.00000000     0.40721603
    54.00000000    48.00000000     0.48013730
    54.00000000    51.00000000     0.56336497
    54.00000000    54.00000000     0.65703398
    54.00000000    57.00000000     0.76096689
    54.00000000    60.00000000     0.87411956
    54.00000000    63.00000000     0.99489943
    54.00000000    66.00000000     1.12038684
    54.00000000    69.00000000     1.24696476
    54.00000000    72.00000000     1.36955374
    54.00000000    75.00000000     1.48254425
    54.00000000    78.00000000     1.57966874
    54.00000000    81.00000000     1.65480035
    54.00000000    84.00000000     1.70303297
    54.00000000    87.00000000     1.72052103
    54.00000000    90.00000000     1.70644034
    54.00000000    93.00000000     1.66148777
    54.00000000    96.00000000     1.58942313
    54.00000000    99.00000000     1.49509683
    54.00000000   102.00000000     1.38465889
    54.00000000   105.00000000     1.26443208
    54.00000000   108.00000000     1.14013064
    54.00000000   111.00000000     1.01695025
    54.00000000   114.00000000     0.89862075
    54.00000000   117.00000000     0.78817361
    54.00000000   120.00000000     0.68731261
    54.00000000   123.00000000     0.59716895
    54.00000000   126.00000000     0.51791112
    54.00000000   129.00000000     0.44943792
    54.00000000   132.00000000     0.39153200
    54.00000000   135.00000000     0.34374989
    54.00000000   138.00000000     0.30485980
    54.00000000   141.00000000     0.27357631
    54.00000000   144.00000000     0.24918790
    54.00000000   147.00000000     0.23108465
    54.00000000   150.00000000     0.21848903
    54.00000000   153.00000000     0.21058165
    54.00000000   156.00000000     0.20654310
    54.00000000   159.00000000     0.20556513
    54.00000000   162.00000000     0.20688420
    54.00000000   165.00000000     0.20975958
    54.00000000   168.00000000     0.21349720
    54.00000000   171.00000000     0.21738126
    54.00000000   174.00000000     0.22056240
    54.00000000   177.00000000     0.22243712
    54.00000000   180.00000000     0.22351900

    57.00000000     0.00000000     0.06942370
    57.00000000     3.00000000     0.07044434
    57.00000000     6.00000000     0.07252090
    57.00000000     9.00000000     0.07654212
    57.00000000    12.00000000     0.08272790
    57.00000000    15.00000000     0.09124388
    57.00000000    18.00000000     0.10270740
    57.00000000    21.00000000     0.11776132
    57.00000000    24.00000000     0.13669900
    57.00000000    27.00000000     0.15999708
    57.00000000    30.00000000     0.18921500
    57.00000000    33.00000000     0.22597199
    57.00000000    36.00000000     0.27104370
    57.00000000    39.00000000     0.32514548
    57.00000000    42.00000000     0.38959520
    57.00000000    45.00000000     0.46581045
    57.00000000    48.00000000     0.55500520
    57.00000000    51.00000000     0.65824559
    57.00000000    54.00000000     0.77621019
    57.00000000    57.00000000     0.90920889
    57.00000000    60.00000000     1.05646451
    57.00000000    63.00000000     1.21643756
    57.00000000    66.00000000     1.38562635
    57.00000000    69.00000000     1.55940261
    57.00000000    72.00000000     1.73059385
    57.00000000    75.00000000     1.89099024
    57.00000000    78.00000000     2.03077687
    57.00000000    81.00000000     2.14013965
    57.00000000    84.00000000     2.21087287
    57.00000000    87.00000000     2.23644982
    57.00000000    90.00000000     2.21545131
    57.00000000    93.00000000     2.14903393
    57.00000000    96.00000000     2.04354977
    57.00000000    99.00000000     1.90709064
    57.00000000   102.00000000     1.74951189
    57.00000000   105.00000000     1.58072803
    57.00000000   108.00000000     1.40912688
    57.00000000   111.00000000     1.24207452
    57.00000000   114.00000000     1.08437688
    57.00000000   117.00000000     0.93970457
    57.00000000   120.00000000     0.80974706
    57.00000000   123.00000000     0.69539964
    57.00000000   126.00000000     0.59636205
    57.00000000   129.00000000     0.51200615
    57.00000000   132.00000000     0.44158800
    57.00000000   135.00000000     0.38415643
    57.00000000   138.00000000     0.33804730
    57.00000000   141.00000000     0.30158096
    57.00000000   144.00000000     0.27372890
    57.00000000   147.00000000     0.25360542
    57.00000000   150.00000000     0.24024508
    57.00000000   153.00000000     0.23266250
    57.00000000   156.00000000     0.22987230
    57.00000000   159.00000000     0.23089488
    57.00000000   162.00000000     0.23477370
    57.00000000   165.00000000     0.24056211
    57.00000000   168.00000000     0.24732980
    57.00000000   171.00000000     0.25407728
    57.00000000   174.00000000     0.25951180
    57.00000000   177.00000000     0.26271825
    57.00000000   180.00000000     0.26458520

    60.00000000     0.00000000     0.07141770
    60.00000000     3.00000000     0.07251111
    60.00000000     6.00000000     0.07474250
    60.00000000     9.00000000     0.07907664
    60.00000000    12.00000000     0.08578550
    60.00000000    15.00000000     0.09508536
    60.00000000    18.00000000     0.10766250
    60.00000000    21.00000000     0.12425853
    60.00000000    24.00000000     0.14536630
    60.00000000    27.00000000     0.17167658
    60.00000000    30.00000000     0.20492070
    60.00000000    33.00000000     0.24692393
    60.00000000    36.00000000     0.29884670
    60.00000000    39.00000000     0.36185478
    60.00000000    42.00000000     0.43780000
    60.00000000    45.00000000     0.52869425
    60.00000000    48.00000000     0.63650362
    60.00000000    51.00000000     0.76310855
    60.00000000    54.00000000     0.91009251
    60.00000000    57.00000000     1.07865290
    60.00000000    60.00000000     1.26873964
    60.00000000    63.00000000     1.47930008
    60.00000000    66.00000000     1.70651886
    60.00000000    69.00000000     1.94481775
    60.00000000    72.00000000     2.18432995
    60.00000000    75.00000000     2.41322419
    60.00000000    78.00000000     2.61610000
    60.00000000    81.00000000     2.77712668
    60.00000000    84.00000000     2.88232176
    60.00000000    87.00000000     2.92037068
    60.00000000    90.00000000     2.88878214
    60.00000000    93.00000000     2.78952428
    60.00000000    96.00000000     2.63357966
    60.00000000    99.00000000     2.43472264
    60.00000000   102.00000000     2.20888023
    60.00000000   105.00000000     1.97165339
    60.00000000   108.00000000     1.73518604
    60.00000000   111.00000000     1.50967249
    60.00000000   114.00000000     1.30096552
    60.00000000   117.00000000     1.11312865
    60.00000000   120.00000000     0.94740994
    60.00000000   123.00000000     0.80401074
    60.00000000   126.00000000     0.68176091
    60.00000000   129.00000000     0.57914302
    60.00000000   132.00000000     0.49462194
    60.00000000   135.00000000     0.42651842
    60.00000000   138.00000000     0.37259440
    60.00000000   141.00000000     0.33066610
    60.00000000   144.00000000     0.29932580
    60.00000000   147.00000000     0.27737229
    60.00000000   150.00000000     0.26365452
    60.00000000   153.00000000     0.25703396
    60.00000000   156.00000000     0.25637210
    60.00000000   159.00000000     0.26052549
    60.00000000   162.00000000     0.26833100
    60.00000000   165.00000000     0.27860410
    60.00000000   168.00000000     0.29009440
    60.00000000   171.00000000     0.30138003
    60.00000000   174.00000000     0.31041920
    60.00000000   177.00000000     0.31575151
    60.00000000   180.00000000     0.31886220

    63.00000000     0.00000000     0.07330770
    63.00000000     3.00000000     0.07447007
    63.00000000     6.00000000     0.07684750
    63.00000000     9.00000000     0.08147818
    63.00000000    12.00000000     0.08869270
    63.00000000    15.00000000     0.09876137
    63.00000000    18.00000000     0.11242090
    63.00000000    21.00000000     0.13050366
    63.00000000    24.00000000     0.15375830
    63.00000000    27.00000000     0.18314425
    63.00000000    30.00000000     0.22054790
    63.00000000    33.00000000     0.26798783
    63.00000000    36.00000000     0.32708450
    63.00000000    39.00000000     0.39955772
    63.00000000    42.00000000     0.48792290
    63.00000000    45.00000000     0.59494868
    63.00000000    48.00000000     0.72362101
    63.00000000    51.00000000     0.87696892
    63.00000000    54.00000000     1.05797632
    63.00000000    57.00000000     1.26930890
    63.00000000    60.00000000     1.51240453
    63.00000000    63.00000000     1.78748660
    63.00000000    66.00000000     2.09114846
    63.00000000    69.00000000     2.41733895
    63.00000000    72.00000000     2.75305885
    63.00000000    75.00000000     3.08169094
    63.00000000    78.00000000     3.37909416
    63.00000000    81.00000000     3.61957462
    63.00000000    84.00000000     3.77875092
    63.00000000    87.00000000     3.83648335
    63.00000000    90.00000000     3.78828631
    63.00000000    93.00000000     3.63760891
    63.00000000    96.00000000     3.40398477
    63.00000000    99.00000000     3.11144625
    63.00000000   102.00000000     2.78593597
    63.00000000   105.00000000     2.45202488
    63.00000000   108.00000000     2.12688694
    63.00000000   111.00000000     1.82407436
    63.00000000   114.00000000     1.55004939
    63.00000000   117.00000000     1.30856724
    63.00000000   120.00000000     1.09964480
    63.00000000   123.00000000     0.92202219
    63.00000000   126.00000000     0.77307060
    63.00000000   129.00000000     0.64988100
    63.00000000   132.00000000     0.54979229
    63.00000000   135.00000000     0.47013087
    63.00000000   138.00000000     0.40792520
    63.00000000   141.00000000     0.36036909
    63.00000000   144.00000000     0.32561580
    63.00000000   147.00000000     0.30211842
    63.00000000   150.00000000     0.28856997
    63.00000000   153.00000000     0.28372343
    63.00000000   156.00000000     0.28633180
    63.00000000   159.00000000     0.29512789
    63.00000000   162.00000000     0.30876380
    63.00000000   165.00000000     0.32581250
    63.00000000   168.00000000     0.34461130
    63.00000000   171.00000000     0.36311553
    63.00000000   174.00000000     0.37798830
    63.00000000   177.00000000     0.38678730
    63.00000000   180.00000000     0.39194060

    66.00000000     0.00000000     0.07506380
    66.00000000     3.00000000     0.07630466
    66.00000000     6.00000000     0.07880360
    66.00000000     9.00000000     0.08366830
    66.00000000    12.00000000     0.09140490
    66.00000000    15.00000000     0.10236717
    66.00000000    18.00000000     0.11690100
    66.00000000    21.00000000     0.13565636
    66.00000000    24.00000000     0.16050750
    66.00000000    27.00000000     0.19345694
    66.00000000    30.00000000     0.23579600
    66.00000000    33.00000000     0.28889857
    66.00000000    36.00000000     0.35518000
    66.00000000    39.00000000     0.43743635
    66.00000000    42.00000000     0.53894510
    66.00000000    45.00000000     0.66328734
    66.00000000    48.00000000     0.81477733
    66.00000000    51.00000000     0.99801635
    66.00000000    54.00000000     1.21802074
    66.00000000    57.00000000     1.47970414
    66.00000000    60.00000000     1.78715434
    66.00000000    63.00000000     2.14318275
    66.00000000    66.00000000     2.54632109
    66.00000000    69.00000000     2.99137216
    66.00000000    72.00000000     3.46250269
    66.00000000    75.00000000     3.93740914
    66.00000000    78.00000000     4.37854279
    66.00000000    81.00000000     4.74406440
    66.00000000    84.00000000     4.99021772
    66.00000000    87.00000000     5.07994455
    66.00000000    90.00000000     5.00489592
    66.00000000    93.00000000     4.77133211
    66.00000000    96.00000000     4.41524111
    66.00000000    99.00000000     3.97985593
    66.00000000   102.00000000     3.50766204
    66.00000000   105.00000000     3.03715596
    66.00000000   108.00000000     2.59162591
    66.00000000   111.00000000     2.18781684
    66.00000000   114.00000000     1.83150893
    66.00000000   117.00000000     1.52462494
    66.00000000   120.00000000     1.26462286
    66.00000000   123.00000000     1.04759737
    66.00000000   126.00000000     0.86865476
    66.00000000   129.00000000     0.72284531
    66.00000000   132.00000000     0.60598381
    66.00000000   135.00000000     0.51410099
    66.00000000   138.00000000     0.44332690
    66.00000000   141.00000000     0.39011724
    66.00000000   144.00000000     0.35213090
    66.00000000   147.00000000     0.32745717
    66.00000000   150.00000000     0.31470360
    66.00000000   153.00000000     0.31260733
    66.00000000   156.00000000     0.31990550
    66.00000000   159.00000000     0.33530177
    66.00000000   162.00000000     0.35736600
    66.00000000   165.00000000     0.38450133
    66.00000000   168.00000000     0.41457800
    66.00000000   171.00000000     0.44466182
    66.00000000   174.00000000     0.46913390
    66.00000000   177.00000000     0.48374435
    66.00000000   180.00000000     0.49240390

    69.00000000     0.00000000     0.07665810
    69.00000000     3.00000000     0.07795388
    69.00000000     6.00000000     0.08058040
    69.00000000     9.00000000     0.08570976
    69.00000000    12.00000000     0.09387950
    69.00000000    15.00000000     0.10548901
    69.00000000    18.00000000     0.12101970
    69.00000000    21.00000000     0.14127118
    69.00000000    24.00000000     0.16823380
    69.00000000    27.00000000     0.20405769
    69.00000000    30.00000000     0.25034130
    69.00000000    33.00000000     0.30883835
    69.00000000    36.00000000     0.38247530
    69.00000000    39.00000000     0.47466655
    69.00000000    42.00000000     0.58960554
    69.00000000    45.00000000     0.73199058
    69.00000000    48.00000000     0.90776048
    69.00000000    51.00000000     1.12347389
    69.00000000    54.00000000     1.38692823
    69.00000000    57.00000000     1.70628267
    69.00000000    60.00000000     2.08990443
    69.00000000    63.00000000     2.54518644
    69.00000000    66.00000000     3.07541630
    69.00000000    69.00000000     3.67914045
    69.00000000    72.00000000     4.34004605
    69.00000000    75.00000000     5.03069881
    69.00000000    78.00000000     5.69403793
    69.00000000    81.00000000     6.26219939
    69.00000000    84.00000000     6.65373279
    69.00000000    87.00000000     6.79751416
    69.00000000    90.00000000     6.67731155
    69.00000000    93.00000000     6.30498190
    69.00000000    96.00000000     5.74984580
    69.00000000    99.00000000     5.09275437
    69.00000000   102.00000000     4.40321729
    69.00000000   105.00000000     3.74039824
    69.00000000   108.00000000     3.13341844
    69.00000000   111.00000000     2.60000817
    69.00000000   114.00000000     2.14237631
    69.00000000   117.00000000     1.75775603
    69.00000000   120.00000000     1.43899912
    69.00000000   123.00000000     1.17787520
    69.00000000   126.00000000     0.96620662
    69.00000000   129.00000000     0.79623283
    69.00000000   132.00000000     0.66180900
    69.00000000   135.00000000     0.55735833
    69.00000000   138.00000000     0.47796050
    69.00000000   141.00000000     0.41923348
    69.00000000   144.00000000     0.37829200
    69.00000000   147.00000000     0.35285670
    69.00000000   150.00000000     0.34157506
    69.00000000   153.00000000     0.34332626
    69.00000000   156.00000000     0.35698950
    69.00000000   159.00000000     0.38141701
    69.00000000   162.00000000     0.41535320
    69.00000000   165.00000000     0.45728435
    69.00000000   168.00000000     0.50477200
    69.00000000   171.00000000     0.55372067
    69.00000000   174.00000000     0.59433151
    69.00000000   177.00000000     0.61888083
    69.00000000   180.00000000     0.63364889

    72.00000000     0.00000000     0.07806420
    72.00000000     3.00000000     0.07940729
    72.00000000     6.00000000     0.08214940
    72.00000000     9.00000000     0.08752071
    72.00000000    12.00000000     0.09607610
    72.00000000    15.00000000     0.10825234
    72.00000000    18.00000000     0.12468900
    72.00000000    21.00000000     0.14635269
    72.00000000    24.00000000     0.17531540
    72.00000000    27.00000000     0.21384008
    72.00000000    30.00000000     0.26384810
    72.00000000    33.00000000     0.32749935
    72.00000000    36.00000000     0.40824950
    72.00000000    39.00000000     0.51016111
    72.00000000    42.00000000     0.63842856
    72.00000000    45.00000000     0.79900103
    72.00000000    48.00000000     0.99971491
    72.00000000    51.00000000     1.24948889
    72.00000000    54.00000000     1.55968350
    72.00000000    57.00000000     1.94281876
    72.00000000    60.00000000     2.41361072
    72.00000000    63.00000000     2.98680006
    72.00000000    66.00000000     3.67502985
    72.00000000    69.00000000     4.48604201
    72.00000000    72.00000000     5.41007154
    72.00000000    75.00000000     6.41950373
    72.00000000    78.00000000     7.43283209
    72.00000000    81.00000000     8.34229772
    72.00000000    84.00000000     8.98902382
    72.00000000    87.00000000     9.22900270
    72.00000000    90.00000000     9.02882097
    72.00000000    93.00000000     8.41212559
    72.00000000    96.00000000     7.52021064
    72.00000000    99.00000000     6.51200940
    72.00000000   102.00000000     5.49936483
    72.00000000   105.00000000     4.56839525
    72.00000000   108.00000000     3.74941063
    72.00000000   111.00000000     3.05411296
    72.00000000   114.00000000     2.47558048
    72.00000000   117.00000000     2.00162623
    72.00000000   120.00000000     1.61762618
    72.00000000   123.00000000     1.30886918
    72.00000000   126.00000000     1.06273281
    72.00000000   129.00000000     0.86783134
    72.00000000   132.00000000     0.71563706
    72.00000000   135.00000000     0.59868244
    72.00000000   138.00000000     0.51088253
    72.00000000   141.00000000     0.44695095
    72.00000000   144.00000000     0.40341290
    72.00000000   147.00000000     0.37762600
    72.00000000   150.00000000     0.36846584
    72.00000000   153.00000000     0.37518751
    72.00000000   156.00000000     0.39704610
    72.00000000   159.00000000     0.43333389
    72.00000000   162.00000000     0.48349190
    72.00000000   165.00000000     0.54671176
    72.00000000   168.00000000     0.62103892
    72.00000000   171.00000000     0.70120441
    72.00000000   174.00000000     0.76982774
    72.00000000   177.00000000     0.81256451
    72.00000000   180.00000000     0.83932602

    75.00000000     0.00000000     0.07925850
    75.00000000     3.00000000     0.08063959
    75.00000000     6.00000000     0.08348480
    75.00000000     9.00000000     0.08907483
    75.00000000    12.00000000     0.09795670
    75.00000000    15.00000000     0.11058866
    75.00000000    18.00000000     0.12780770
    75.00000000    21.00000000     0.15077861
    75.00000000    24.00000000     0.18159870
    75.00000000    27.00000000     0.22258251
    75.00000000    30.00000000     0.27598100
    75.00000000    33.00000000     0.34437784
    75.00000000    36.00000000     0.43175110
    75.00000000    39.00000000     0.54280832
    75.00000000    42.00000000     0.68378047
    75.00000000    45.00000000     0.86194099
    75.00000000    48.00000000     1.08720981
    75.00000000    51.00000000     1.37117526
    75.00000000    54.00000000     1.72945289
    75.00000000    57.00000000     2.18000567
    75.00000000    60.00000000     2.74615922
    75.00000000    63.00000000     3.45337916
    75.00000000    66.00000000     4.33032864
    75.00000000    69.00000000     5.40303317
    75.00000000    72.00000000     6.68377034
    75.00000000    75.00000000     8.16030019
    75.00000000    78.00000000     9.73606056
    75.00000000    81.00000000    11.25112990
    75.00000000    84.00000000    12.37647142
    75.00000000    87.00000000    12.80021147
    75.00000000    90.00000000    12.44824435
    75.00000000    93.00000000    11.37070670
    75.00000000    96.00000000     9.87693663
    75.00000000    99.00000000     8.30018639
    75.00000000   102.00000000     6.81016342
    75.00000000   105.00000000     5.51311241
    75.00000000   108.00000000     4.42497199
    75.00000000   111.00000000     3.53533747
    75.00000000   114.00000000     2.81873703
    75.00000000   117.00000000     2.24665015
    75.00000000   120.00000000     1.79342852
    75.00000000   123.00000000     1.43548701
    75.00000000   126.00000000     1.15462080
    75.00000000   129.00000000     0.93509272
    75.00000000   132.00000000     0.76565572
    75.00000000   135.00000000     0.63675087
    75.00000000   138.00000000     0.54108148
    75.00000000   141.00000000     0.47244021
    75.00000000   144.00000000     0.42671470
    75.00000000   147.00000000     0.40090524
    75.00000000   150.00000000     0.39436759
    75.00000000   153.00000000     0.40704639
    75.00000000   156.00000000     0.43888630
    75.00000000   159.00000000     0.49003103
    75.00000000   162.00000000     0.56142065
    75.00000000   165.00000000     0.65421942
    75.00000000   168.00000000     0.76969209
    75.00000000   171.00000000     0.90259213
    75.00000000   174.00000000     1.02152729
    75.00000000   177.00000000     1.09921481
    75.00000000   180.00000000     1.15095556

    78.00000000     0.00000000     0.08022000
    78.00000000     3.00000000     0.08162529
    78.00000000     6.00000000     0.08456350
    78.00000000     9.00000000     0.09035702
    78.00000000    12.00000000     0.09948600
    78.00000000    15.00000000     0.11239339
    78.00000000    18.00000000     0.13021540
    78.00000000    21.00000000     0.15439983
    78.00000000    24.00000000     0.18694750
    78.00000000    27.00000000     0.23008882
    78.00000000    30.00000000     0.28641960
    78.00000000    33.00000000     0.35898150
    78.00000000    36.00000000     0.45223420
    78.00000000    39.00000000     0.57147791
    78.00000000    42.00000000     0.72395699
    78.00000000    45.00000000     0.91826011
    78.00000000    48.00000000     1.16640907
    78.00000000    51.00000000     1.48278439
    78.00000000    54.00000000     1.88776824
    78.00000000    57.00000000     2.40557806
    78.00000000    60.00000000     3.06977061
    78.00000000    63.00000000     3.91984705
    78.00000000    66.00000000     5.00974673
    78.00000000    69.00000000     6.39706383
    78.00000000    72.00000000     8.13957360
    78.00000000    75.00000000    10.27668717
    78.00000000    78.00000000    12.77417813
    78.00000000    81.00000000    15.44310023
    78.00000000    84.00000000    17.54926529
    78.00000000    87.00000000    18.35995256
    78.00000000    90.00000000    17.69355292
    78.00000000    93.00000000    15.66301817
    78.00000000    96.00000000    13.00843225
    78.00000000    99.00000000    10.48941670
    78.00000000   102.00000000     8.31661146
    78.00000000   105.00000000     6.54150483
    78.00000000   108.00000000     5.12796032
    78.00000000   111.00000000     4.01794457
    78.00000000   114.00000000     3.15346159
    78.00000000   117.00000000     2.48007890
    78.00000000   120.00000000     1.95758073
    78.00000000   123.00000000     1.55170813
    78.00000000   126.00000000     1.23781282
    78.00000000   129.00000000     0.99527373
    78.00000000   132.00000000     0.80996791
    78.00000000   135.00000000     0.67020513
    78.00000000   138.00000000     0.56752784
    78.00000000   141.00000000     0.49485241
    78.00000000   144.00000000     0.44735830
    78.00000000   147.00000000     0.42167148
    78.00000000   150.00000000     0.41794098
    78.00000000   153.00000000     0.43719656
    78.00000000   156.00000000     0.48046800
    78.00000000   159.00000000     0.54921101
    78.00000000   162.00000000     0.64658504
    78.00000000   165.00000000     0.77789182
    78.00000000   168.00000000     0.95529854
    78.00000000   171.00000000     1.17864211
    78.00000000   174.00000000     1.39157290
    78.00000000   177.00000000     1.54216143
    78.00000000   180.00000000     1.65234543

    81.00000000     0.00000000     0.08093040
    81.00000000     3.00000000     0.08234179
    81.00000000     6.00000000     0.08536550
    81.00000000     9.00000000     0.09135526
    81.00000000    12.00000000     0.10063040
    81.00000000    15.00000000     0.11356053
    81.00000000    18.00000000     0.13175070
    81.00000000    21.00000000     0.15707431
    81.00000000    24.00000000     0.19124260
    81.00000000    27.00000000     0.23618613
    81.00000000    30.00000000     0.29487480
    81.00000000    33.00000000     0.37086279
    81.00000000    36.00000000     0.46900200
    81.00000000    39.00000000     0.59507603
    81.00000000    42.00000000     0.75729752
    81.00000000    45.00000000     0.96547238
    81.00000000    48.00000000     1.23335059
    81.00000000    51.00000000     1.57791091
    81.00000000    54.00000000     2.02510325
    81.00000000    57.00000000     2.60579513
    81.00000000    60.00000000     3.36155337
    81.00000000    63.00000000     4.34735418
    81.00000000    66.00000000     5.66111212
    81.00000000    69.00000000     7.40952525
    81.00000000    72.00000000     9.69148735
    81.00000000    75.00000000    12.65976634
    81.00000000    78.00000000    16.69043112
    81.00000000    81.00000000    21.77178936
    81.00000000    84.00000000    26.11780295
    81.00000000    87.00000000    27.84518671
    81.00000000    90.00000000    26.45601292
    81.00000000    93.00000000    22.21977224
    81.00000000    96.00000000    17.09027140
    81.00000000    99.00000000    12.97759397
    81.00000000   102.00000000     9.93261495
    81.00000000   105.00000000     7.59319290
    81.00000000   108.00000000     5.80432922
    81.00000000   111.00000000     4.46161716
    81.00000000   114.00000000     3.45587456
    81.00000000   117.00000000     2.68751299
    81.00000000   120.00000000     2.10009428
    81.00000000   123.00000000     1.65079479
    81.00000000   126.00000000     1.30809863
    81.00000000   129.00000000     1.04568611
    81.00000000   132.00000000     0.84671444
    81.00000000   135.00000000     0.69771453
    81.00000000   138.00000000     0.58923504
    81.00000000   141.00000000     0.51338501
    81.00000000   144.00000000     0.46449721
    81.00000000   147.00000000     0.43874911
    81.00000000   150.00000000     0.43747309
    81.00000000   153.00000000     0.46329029
    81.00000000   156.00000000     0.51882183
    81.00000000   159.00000000     0.60711704
    81.00000000   162.00000000     0.73293799
    81.00000000   165.00000000     0.90859129
    81.00000000   168.00000000     1.17484894
    81.00000000   171.00000000     1.55157833
    81.00000000   174.00000000     1.94656305
    81.00000000   177.00000000     2.26810380
    81.00000000   180.00000000     2.53865353

    84.00000000     0.00000000     0.08137480
    84.00000000     3.00000000     0.08280898
    84.00000000     6.00000000     0.08587360
    84.00000000     9.00000000     0.09194151
    84.00000000    12.00000000     0.10135520
    84.00000000    15.00000000     0.11452405
    84.00000000    18.00000000     0.13315550
    84.00000000    21.00000000     0.15921287
    84.00000000    24.00000000     0.19438510
    84.00000000    27.00000000     0.24061073
    84.00000000    30.00000000     0.30110120
    84.00000000    33.00000000     0.37969324
    84.00000000    36.00000000     0.48145190
    84.00000000    39.00000000     0.61254419
    84.00000000    42.00000000     0.78231650
    84.00000000    45.00000000     1.00164144
    84.00000000    48.00000000     1.28431700
    84.00000000    51.00000000     1.64912722
    84.00000000    54.00000000     2.13187484
    84.00000000    57.00000000     2.77066742
    84.00000000    60.00000000     3.59581303
    84.00000000    63.00000000     4.67250068
    84.00000000    66.00000000     6.21324258
    84.00000000    69.00000000     8.40102674
    84.00000000    72.00000000    11.15342117
    84.00000000    75.00000000    14.77218000
    84.00000000    78.00000000    21.36122193
    84.00000000    81.00000000    32.02606926
    84.00000000    84.00000000    42.07649411
    84.00000000    87.00000000    46.28819053
    84.00000000    90.00000000    43.09629064
    84.00000000    93.00000000    33.11744312
    84.00000000    96.00000000    22.03492496
    84.00000000    99.00000000    15.18713219
    84.00000000   102.00000000    11.46630858
    84.00000000   105.00000000     8.63453603
    84.00000000   108.00000000     6.37940114
    84.00000000   111.00000000     4.79787718
    84.00000000   114.00000000     3.69897932
    84.00000000   117.00000000     2.85894574
    84.00000000   120.00000000     2.21086462
    84.00000000   123.00000000     1.72475412
    84.00000000   126.00000000     1.36150222
    84.00000000   129.00000000     1.08424222
    84.00000000   132.00000000     0.87421900
    84.00000000   135.00000000     0.71799974
    84.00000000   138.00000000     0.60532933
    84.00000000   141.00000000     0.52731626
    84.00000000   144.00000000     0.47734574
    84.00000000   147.00000000     0.45114232
    84.00000000   150.00000000     0.45151127
    84.00000000   153.00000000     0.48302801
    84.00000000   156.00000000     0.55026799
    84.00000000   159.00000000     0.65779667
    84.00000000   162.00000000     0.81013967
    84.00000000   165.00000000     1.02918259
    84.00000000   168.00000000     1.40629083
    84.00000000   171.00000000     2.01248966
    84.00000000   174.00000000     2.76796397
    84.00000000   177.00000000     3.57213024
    84.00000000   180.00000000     4.39217165

    87.00000000     0.00000000     0.08154080
    87.00000000     3.00000000     0.08300479
    87.00000000     6.00000000     0.08607330
    87.00000000     9.00000000     0.09212263
    87.00000000    12.00000000     0.10161630
    87.00000000    15.00000000     0.11506813
    87.00000000    18.00000000     0.13410600
    87.00000000    21.00000000     0.16060328
    87.00000000    24.00000000     0.19630120
    87.00000000    27.00000000     0.24325576
    87.00000000    30.00000000     0.30491420
    87.00000000    33.00000000     0.38527102
    87.00000000    36.00000000     0.48911850
    87.00000000    39.00000000     0.62277124
    87.00000000    42.00000000     0.79783532
    87.00000000    45.00000000     1.02628164
    87.00000000    48.00000000     1.31624906
    87.00000000    51.00000000     1.68620474
    87.00000000    54.00000000     2.19976126
    87.00000000    57.00000000     2.90568990
    87.00000000    60.00000000     3.74825141
    87.00000000    63.00000000     4.89528654
    87.00000000    66.00000000     6.58762471
    87.00000000    69.00000000     9.25612154
    87.00000000    72.00000000    12.23672363
    87.00000000    75.00000000    16.61392813
    87.00000000    78.00000000    25.78914580
    87.00000000    81.00000000    49.82439281
    87.00000000    84.00000000    74.90163255
    87.00000000    87.00000000    86.56923132
    87.00000000    90.00000000    79.18949402
    87.00000000    93.00000000    53.48586285
    87.00000000    96.00000000    26.81239073
    87.00000000    99.00000000    17.11803136
    87.00000000   102.00000000    12.60974978
    87.00000000   105.00000000     9.77454116
    87.00000000   108.00000000     6.76998459
    87.00000000   111.00000000     5.02672463
    87.00000000   114.00000000     3.85710169
    87.00000000   117.00000000     3.00553733
    87.00000000   120.00000000     2.28108538
    87.00000000   123.00000000     1.76132937
    87.00000000   126.00000000     1.39474038
    87.00000000   129.00000000     1.11067306
    87.00000000   132.00000000     0.89112874
    87.00000000   135.00000000     0.72987943
    87.00000000   138.00000000     0.61513331
    87.00000000   141.00000000     0.53531212
    87.00000000   144.00000000     0.48525572
    87.00000000   147.00000000     0.46233787
    87.00000000   150.00000000     0.46764983
    87.00000000   153.00000000     0.50321227
    87.00000000   156.00000000     0.57104582
    87.00000000   159.00000000     0.70124991
    87.00000000   162.00000000     0.87819008
    87.00000000   165.00000000     1.16345605
    87.00000000   168.00000000     1.59631872
    87.00000000   171.00000000     2.28900723
    87.00000000   174.00000000     3.80540196
    87.00000000   177.00000000     6.58193674
    87.00000000   180.00000000     8.43288016

    90.00000000     0.00000000     0.08142840
    90.00000000     3.00000000     0.08292923
    90.00000000     6.00000000     0.08596460
    90.00000000     9.00000000     0.09189861
    90.00000000    12.00000000     0.10141370
    90.00000000    15.00000000     0.11519275
    90.00000000    18.00000000     0.13441960
    90.00000000    21.00000000     0.16117747
    90.00000000    24.00000000     0.19693470
    90.00000000    27.00000000     0.24405404
    90.00000000    30.00000000     0.30618800
    90.00000000    33.00000000     0.38734877
    90.00000000    36.00000000     0.49169740
    90.00000000    39.00000000     0.62547388
    90.00000000    42.00000000     0.80308508
    90.00000000    45.00000000     1.03741853
    90.00000000    48.00000000     1.32711751
    90.00000000    51.00000000     1.68852862
    90.00000000    54.00000000     2.22305613
    90.00000000    57.00000000     2.99075324
    90.00000000    60.00000000     3.80121124
    90.00000000    63.00000000     5.01571178
    90.00000000    66.00000000     6.72064998
    90.00000000    69.00000000     9.36009573
    90.00000000    72.00000000    12.68137495
    90.00000000    75.00000000    18.18501074
    90.00000000    78.00000000    27.79269678
    90.00000000    81.00000000    67.30068941
    90.00000000    84.00000000   111.46567360
    90.00000000    87.00000000   134.89039439
    90.00000000    90.00000000   123.94071822
    90.00000000    93.00000000    77.03051527
    90.00000000    96.00000000    29.00254937
    90.00000000    99.00000000    18.77029149
    90.00000000   102.00000000    13.03928660
    90.00000000   105.00000000     9.49919596
    90.00000000   108.00000000     6.95238871
    90.00000000   111.00000000     5.14815951
    90.00000000   114.00000000     3.91180394
    90.00000000   117.00000000     3.10886884
    90.00000000   120.00000000     2.30497165
    90.00000000   123.00000000     1.75939936
    90.00000000   126.00000000     1.40587322
    90.00000000   129.00000000     1.12327466
    90.00000000   132.00000000     0.89669167
    90.00000000   135.00000000     0.73274837
    90.00000000   138.00000000     0.61800689
    90.00000000   141.00000000     0.53714639
    90.00000000   144.00000000     0.48737626
    90.00000000   147.00000000     0.46825542
    90.00000000   150.00000000     0.47621083
    90.00000000   153.00000000     0.50963069
    90.00000000   156.00000000     0.57788023
    90.00000000   159.00000000     0.73747675
    90.00000000   162.00000000     0.93708922
    90.00000000   165.00000000     1.27738472
    90.00000000   168.00000000     1.70923176
    90.00000000   171.00000000     2.65236696
    90.00000000   174.00000000     4.77755589
    90.00000000   177.00000000     8.07258996
    90.00000000   180.00000000    11.89100653

